# Calibrators for HD10516 (RA: 01 43 39.64, DEC: +50 41 19.43, V Mag: 4.06)
        Name         _r     _RAJ2000      _DEJ2000    SpType     Vmag        Rmag     Hmag     Kmag        UDDH        UDDK      e_LDD  IPDfmp     RUWE    RVamp    Vbroad  DMS  W  BinH  BinG2      Diam-GAIA  CalFlag  IRflag 
   HD   9943   1.104572  01 38 20.96  +49 58 49.27        K2    8.640    7.752593    5.996    5.843    0.339124    0.340779   0.007565       0    1.070     0.83   10.0475    0  0     0      0       0.305927        0       0 
   HD 232475   1.200039  01 36 57.48  +51 15 37.85        K2    8.770    7.781514    5.817    5.629    0.380941    0.382799   0.008540       0    1.144     0.77    8.0721    0  0     0      0       0.374512        0       0 
   HD   9331   2.861358  01 33 02.17  +53 02 01.52        G5    8.410    7.747445    6.827    6.788    0.196214    0.197006   0.004524       0    0.982     1.26    6.3025    0  0     0      0       0.191268        0       0 
   HD   8426   3.054856  01 24 27.09  +50 29 21.31        K0    8.230    7.333905    5.653    5.513    0.386582    0.388316   0.009306       0    1.020     0.83    8.0721    0  0     0      0       0.352405        0       0 
   HD  11697   3.495833  01 56 13.27  +53 36 23.40        F5    8.540    8.141218    7.595    7.590    0.122469    0.122865   0.002869       0    1.124     1.50   32.0923    0  0     0      0       0.117345        0       0 
   HD  11519   3.617119  01 54 39.55  +53 53 30.56        G5    7.960    7.189449    5.897    5.773    0.317348    0.318629   0.007390       0    1.030     1.07    7.9807    0  0     0      0       0.333485        0       0 
   HD  12351   3.780675  02 02 39.11  +53 04 45.95        A0    8.420    8.291231    8.214    8.164    0.074201    0.074346   0.002120       0    0.984     6.59   33.1419    0  0     0      0       0.129491        0       0 
   HD   7978   3.931706  01 20 11.76  +52 07 53.12        B9    7.480    7.221483    6.959    6.927    0.131562    0.131830   0.003658       0    1.113     6.77   65.0558    0  0     0      0       0.151433        0       0 
   HD   8273   4.200684  01 23 10.20  +53 28 21.88        F8    8.830    8.378274    7.770    7.718    0.117269    0.117694   0.002736       0    0.985     2.03   19.4588    0  0     0      0       0.116379        0       0 
     * g Per   4.735660  02 02 18.11  +54 29 15.15     B8III    4.990    4.926278    5.061    5.057    0.287663    0.288248   0.008421       0    1.302    27.49   71.8582    0  0     0      0       0.306357        0       0 
   HD  11760   5.176141  01 56 28.39  +45 58 10.56        F8    7.720    7.241128    6.575    6.485    0.207323    0.208075   0.006268       0    1.041     1.02    5.7330    0  0     0      0       0.205836        0       0 
   HD   7055   5.231942  01 11 39.75  +49 37 25.94        K0    7.930    7.095152    5.686    5.559    0.373439    0.375113   0.008711       0    1.014     0.94    7.2234    0  0     0      0       0.354555        0       0 
   HD  12741   5.327894  02 06 10.42  +46 51 35.62        F8    7.420    6.905793    6.005    5.916    0.273458    0.274450   0.007210       0    0.923     1.26    5.7334    0  0     0      0       0.271746        0       0 
   HD   6784   5.441489  01 09 16.58  +50 42 46.20        A0    8.050    7.889681    7.700    7.664    0.094768    0.094954   0.002685       0    1.067    71.09   15.7819    0  0     0      0      0.0869793        0       0 
   HD  14040   5.479776  02 17 59.23  +51 46 54.88        B8    7.940    7.861958    7.849    7.841    0.080537    0.080701   0.002347       0    1.151    29.23   23.6468    0  0     0      0      0.0884356        0       0 
   HD   8004   5.508279  01 20 36.94  +54 57 44.47        G0    7.210    6.593830    5.868    5.789    0.292388    0.293507   0.007237       0    0.979     0.81    5.1472    0  0     0      0       0.290371        0       0 
   HD 236920   5.559798  01 59 34.16  +55 42 52.96        G5    7.820    7.094931    5.772    5.628    0.335056    0.336409   0.008401       0    0.901     1.00    8.9887    0  0     0      0       0.336266        0       0 
   HD  11894   5.616656  01 57 55.76  +45 35 58.29        A5    8.140    7.926425    7.501    7.440    0.117563    0.117831   0.003124       0    1.045     5.67   91.0207    0  0     0      0       0.114992        0       0 
   HD 236861   5.958932  01 45 12.96  +56 38 35.65  K0III-IV    8.270    7.383232    5.719    5.618    0.368986    0.370641   0.009258       0    1.066     0.68    8.0349    0  0     0      0       0.317029        0       0 
 V* V552 Per   5.979141  02 21 29.41  +51 17 24.01        A0    8.330    8.174809    7.988    7.946    0.083084    0.083247   0.002427       0    0.973   113.21   84.5906    0  0     0      0      0.0771154        0       0 
   HD   6644   6.057382  01 08 04.59  +53 17 09.62        K0    8.340    7.460019    5.854    5.716    0.351436    0.353012   0.008100       0    1.047     0.70    6.8823    0  0     0      0        0.31572        0       0 
   HD 232373   6.086636  01 05 08.12  +50 55 33.24        K0    8.700    7.830489    6.212    6.069    0.298114    0.299451   0.006663       0    1.013     0.59    8.8160    0  0     0      0       0.284476        0       0 
   HD 236721   6.184569  01 24 46.14  +56 12 01.39        K2    8.440    7.566626    5.785    5.677    0.368894    0.370694   0.009277       0    0.958     0.98   10.1971    0  0     0      0       0.337168        0       0 
   HD   6260   6.204273  01 04 22.79  +51 13 20.10        F2    8.230    7.824300    7.467    7.380    0.128275    0.128657   0.003277       0    0.907     4.81   48.1952    0  0     0      0       0.118873        0       0 
   HD  12325   6.206193  02 02 02.19  +45 17 39.42        G5    8.250    7.372336    5.673    5.547    0.361845    0.363306   0.008227       0    1.076     0.63    9.8607    0  0     0      0       0.340397        0       0 
   HD   9389   6.293202  01 33 45.06  +56 48 36.61        F8    8.170    7.756118    7.167    7.137    0.153071    0.153626   0.004178       0    0.994     1.78    7.8498    0  0     0      0       0.146224        0       0 
   HD  14619   6.339745  02 23 20.18  +52 04 59.15       A5V    6.640    6.494208    6.142    6.154    0.212874    0.213360   0.006084       0    1.116     2.16   71.3692    0  0     0      0       0.210349        0       0 
   HD   8317   6.343120  01 23 18.09  +45 19 58.41        B9    7.270    7.153713    7.197    7.167    0.113771    0.114003   0.003196       0    1.029    14.50   60.3695    0  0     0      0       0.128023        0       0 
   HD   6285   6.358505  01 04 29.47  +49 37 29.66        A2    8.530    8.271166    7.952    7.916    0.089447    0.089617   0.002606       1    0.903     4.41   35.9703    0  0     0      0      0.0936827        0       0 
   HD  14135   6.361487  02 18 55.66  +54 05 44.17        K0    8.740    7.879193    6.310    6.213    0.280556    0.281814   0.007049       0    1.057     1.12    6.5657    0  0     0      0       0.266677        0       0 
   HD  13737   6.381430  02 15 40.55  +54 51 20.80        K0    8.300    7.453649    5.921    5.807    0.335504    0.337008   0.008189       0    1.066     0.68    6.9394    0  0     0      0       0.308806        0       0 
   HD  13076   6.441313  02 09 11.34  +45 50 26.76        F5    7.590    7.177991    6.501    6.456    0.206453    0.207122   0.004933       0    0.809     0.68   32.4834    0  0     0      0       0.217339        0       0 
   HD  14674   6.455201  02 23 45.90  +52 22 33.78        K0    8.150    7.276301    5.675    5.511    0.384132    0.385854   0.009190       0    1.109     1.07   10.1289    0  0     0      0        0.34801        0       0 
   HD   6583   6.459800  01 07 23.47  +48 03 14.31        F5    8.090    7.713075    7.086    7.026    0.157444    0.157954   0.003897       1    0.971     1.38   20.8467    0  0     0      0       0.153394        0       0 
   HD 232362   6.503763  01 03 59.81  +52 52 00.01        K0    8.930    8.079152    6.467    6.356    0.261296    0.262468   0.006134       0    1.047     0.66    8.4800    0  0     0      0       0.245536        0       0 
   HD   5967   6.602294  01 01 50.50  +51 02 42.70        F8    8.030    7.509890    6.942    6.923    0.169989    0.170606   0.004031       0    0.876     2.83   45.8924    0  0     0      0       0.176879        0       0 
   HD  13834   6.706359  02 16 11.62  +46 39 42.03       F4V    8.130    7.730345    7.224    7.122    0.148976    0.149447   0.005539       0    1.141     3.16   52.9539    0  0     0      0       0.156131        0       0 
 BD+46   270   6.789660  01 08 46.92  +47 02 36.06        K2    8.950    8.025357    6.304    6.151    0.295891    0.297335   0.006838       0    1.053     0.71    8.6928    0  0     0      0        0.26258        0       0 
 BD+47   294   6.909362  01 03 28.72  +48 22 49.19        K0    8.670    7.814372    6.216    6.101    0.292745    0.294058   0.006923       0    1.078     1.17    7.9802    0  0     0      0       0.253153        0       0 
   HD  10363   7.053931  01 42 03.88  +43 38 23.96        A0    7.210    7.107004    7.159    7.161    0.117586    0.117817   0.003359       0    1.071     7.95   75.3821    0  0     0      0        0.10867        0       0 
   HD 232351   7.157671  01 01 32.61  +53 49 23.70        K0    8.910    8.038378    6.349    6.283    0.273144    0.274369   0.006956       0    1.055     0.98    8.3110    0  0     0      0        0.25454        0       0 
   HD   5663   7.170521  00 58 57.39  +52 31 10.18        A2    7.750    7.259466    6.125    6.036    0.223230    0.223655   0.006097       0    1.006    61.43   11.0471    0  0     0      0        0.22711        0       0 
    HR   671   7.223287  02 19 10.82  +46 28 20.14       A4V    6.210    6.018757    5.723    5.686    0.256946    0.257498   0.007113       0    1.058     3.19   85.9165    0  0     0      0       0.260061        0       0 
   HD  15241   7.316472  02 28 49.14  +49 34 01.21        K0    8.610    7.816590    6.417    6.294    0.264466    0.265652   0.006837       0    1.029     0.48    5.1159    0  0     0      0       0.246597        0       0 
   HD   7860   7.481712  01 19 24.55  +57 16 26.48        A0    7.610    7.446942    7.315    7.265    0.113340    0.113563   0.003391       0    1.037     7.28   69.6713    0  0     0      0       0.120752        0       0 
   HD  15317   7.488125  02 29 44.66  +53 03 40.01        K2    8.440    7.533317    5.695    5.549    0.393302    0.395221   0.009306       0    0.938     0.48   11.4917    0  0     0      0       0.345856        0       0 
   HD  11951   7.494013  01 58 22.55  +43 37 19.13        A0    7.650    7.528392    7.458    7.426    0.104511    0.104716   0.003066       0    0.942     4.75   50.2536    0  0     0      0       0.095828        0       0 
   HD  12941   7.523064  02 07 50.07  +44 21 42.93        G5    7.670    6.887654    5.397    5.319    0.398763    0.400372   0.009189       0    0.987     0.65    9.3821    0  0     0      0         0.3979        0       0 
   HD  15209   7.666181  02 28 33.92  +48 17 39.15        F8    7.810    7.326981    6.617    6.560    0.201903    0.202636   0.004912       0    1.117     1.03   13.1050    0  0     0      0        0.20048        0       0 
