# Calibrators for HD20902 (RA: 03 24 19.37, DEC: +49 51 40.25, V Mag: 1.79)
        Name         _r     _RAJ2000      _DEJ2000  SpType     Vmag        Rmag     Hmag     Kmag        UDDH        UDDK      e_LDD  IPDfmp     RUWE    RVamp    Vbroad  BinHG1  BinH2G2  BinH2EG3b  snrPMaHG1  snrPMaH2G2  snrPMaH2EG3b      Diam-GAIA  CalFlag  IRflag 
   HD  21584   1.251235  03 31 06.57  +50 28 53.38      A2    7.370    7.089086    6.837    6.778    0.149957    0.150243   0.004870       0    0.980     1.89   27.3228       0        0          0       1.82        0.59          2.54       0.164605        0       0 
 BD+48   944   1.781612  03 31 55.81  +48 35 01.69     A4V    8.220    8.066408    7.842    7.803    0.096956    0.097165   0.002921       0    0.978     9.68   99.6586       0        0          0       1.15        0.25          1.30       0.100552        0       0 
   HD  19101   2.984165  03 06 18.30  +49 15 10.28      F2    8.210    7.809060    7.246    7.197    0.143743    0.144172   0.003656       0    0.929     2.54    7.6281       0        0          0       1.37        1.03          2.01       0.149608        0       0 
   HD  19231   3.489434  03 07 45.30  +52 11 02.16      A0    8.330    8.037477    7.606    7.561    0.101981    0.102181   0.002891       0    1.137   103.82   15.4659       0        0          0       1.25        0.94          1.17       0.110305        0       0 
   HD  23105   4.042996  03 44 30.13  +47 33 50.78      A0    8.460    8.264094    8.042    8.040    0.080492    0.080650   0.002376       0    0.897     6.87   88.4305       0        0          0       1.57        0.75          2.05         0.0894        0       0 
   HD  23896   4.325296  03 50 57.38  +49 28 27.47      F5    8.880    8.480143    7.745    7.737    0.115281    0.115655   0.002925       0    0.891     0.86    5.7744       0        0          0       1.37        0.93          1.55       0.112592        0       0 
   HD  18180   4.614313  02 56 55.25  +48 42 14.41      F5    7.690    7.281465    6.694    6.673    0.186993    0.187599   0.004469       0    0.896     1.85   34.1904       0        0          0       1.77        0.32          2.40       0.187293        0       0 
   HD  22742   4.666743  03 41 23.87  +46 10 04.66      K5    8.560    7.615408    5.917    5.774    0.363929    0.365946   0.008691       0    0.955     0.78    7.1475       0        0          0       0.92        0.96          0.90       0.314445        0       0 
 BD+44   636   4.934935  03 12 26.99  +45 20 56.97      K0    8.750    7.894204    6.389    6.260    0.271656    0.272874   0.006087       0    0.966     0.85    9.4019       0        0          0       1.27        1.03          2.28        0.26086        0       0 
   HD  24142   5.105316  03 53 02.59  +52 15 18.17   G8III    8.390    7.488266    5.832    5.697    0.350562    0.352068   0.008426       1    1.037     0.57    7.9843       0        0          0       1.79        0.61          2.65       0.341453        0       0 
   HD  21578   5.138580  03 30 35.28  +44 49 58.96      A0    8.460    8.185964    7.703    7.606    0.099274    0.099469   0.002814       0    1.053    21.94   63.2970       0        0          0       1.26        1.07          1.30        0.10625        0       0 
   HD  22338   5.300042  03 37 32.84  +45 03 14.87      F5    8.490    8.034361    7.241    7.181    0.149208    0.149691   0.003637       1    0.992     3.28   61.2955       0        0          0       1.26        1.28          1.46       0.152319        0       0 
   HD  17960   5.314262  02 54 55.51  +47 40 08.28      F8    8.560    8.118570    7.279    7.250    0.146675    0.147207   0.003611       0    1.037     1.35    5.4142       0        0          0       1.28        1.33          1.81       0.146788        0       0 
   HD  17745   5.374506  02 52 38.78  +48 25 12.31      A0    8.390    8.251700    8.031    7.997    0.080884    0.081042   0.002332       0    0.948     7.14   94.1900       0        0          0       1.37        1.07          1.58       0.088568        0       0 
   HD  23287   5.592281  03 45 53.23  +45 35 59.77      A0    7.580    7.499361    7.425    7.405    0.105479    0.105686   0.003052       0    1.067     5.04   47.8155       0        0          0       1.69        0.90          1.86       0.114136        0       0 
   HD  24718   5.609986  03 58 03.02  +48 43 59.50      F8    8.500    7.863600    7.065    7.025    0.166202    0.166805   0.005503       0    0.994     3.11   28.0369       0        0          0       1.26        0.41          2.54       0.169676        0       0 
   HD  23256   5.752592  03 45 33.62  +45 21 14.54      F2    7.650    7.261392    6.677    6.650    0.185001    0.185552   0.004607       0    0.908     2.10   51.7760       0        0          0       1.69        0.56          2.73       0.189266        0       0 
   HD  17592   5.759855  02 51 23.74  +52 25 17.40      K2    8.500    7.537006    5.881    5.770    0.358220    0.359967   0.008284       1    0.998     1.03   10.8918       0        0          0       1.51        1.64          2.28        0.32746        0       0 
   HD  17211   6.047321  02 47 23.62  +49 04 26.82      A2    8.440    8.272387    7.962    7.949    0.088066    0.088234   0.002518       0    1.032     5.00   78.8812       0        0          0       0.62        2.58          0.45      0.0899096        0       0 
   HD  25031   6.194269  04 00 50.77  +48 14 38.22      F8    8.760    8.341545    7.767    7.690    0.117564    0.117991   0.003189       0    0.928     2.21   28.5407       0        0          0       1.48        1.28          1.83       0.118194        0       0 
   HD 237163   6.345489  03 39 52.31  +55 45 29.82      A5    8.750    8.151474    7.105    6.994    0.154867    0.155221   0.004324       0    0.873     2.14   25.3115       0        0          0       0.91        1.02          1.47       0.185564        0       0 
   HD  23820   6.357732  03 50 42.50  +54 47 03.41      F5    8.380    7.982999    7.335    7.243    0.142222    0.142683   0.003624       0    1.105     2.13   15.7111       0        0          0       1.49        0.46          1.84       0.142418        0       0 
   HD  17456   6.359045  02 49 35.10  +47 08 33.06      A2    7.670    7.392872    6.971    6.924    0.143202    0.143474   0.003950       0    1.117     3.38   56.5910       0        0          0       1.14        1.96          1.35        0.15128        0       0 
   HD  21599   6.675613  03 31 53.38  +56 26 25.34      F2    7.980    7.648382    7.147    7.087    0.149197    0.149642   0.003664       0    0.886    61.51   46.6824       0        0          0       1.52        0.91          1.23       0.136736        0       0 
   HD  23837   6.807145  03 50 55.60  +55 20 54.44     F8V    8.260    7.789831    7.083    7.044    0.161362    0.161947   0.003866       0    0.971    34.61    8.1371       0        0          0       1.32        0.51          1.99       0.161661        0       0 
   HD  18139   6.984101  02 56 58.24  +55 29 24.65      F5    8.030    7.531769    6.733    6.625    0.192441    0.193065   0.004688       0    0.996     2.37   22.5532       0        0          0       1.12        1.16          1.88       0.197558        0       0 
   HD  16933   7.257340  02 44 33.11  +46 50 29.26      F5    6.900    6.497541    5.930    5.871    0.268270    0.269140   0.006355       0    1.191     0.79    8.0002       0        0          0       0.84        1.80          1.59        0.27039        0       0 
   HD  16593   7.259756  02 41 27.91  +52 40 11.93      K0    8.470    7.521756    5.804    5.658    0.365373    0.367012   0.008630       0    0.903     0.71    8.7249       0        0          0       1.46        0.52          1.75        0.34899        0       0 
   HD  20489   7.302414  03 19 17.91  +42 36 37.21      K0    8.590    7.790762    6.343    6.255    0.271941    0.273160   0.006276       0    0.976     0.64    8.9114       0        0          0       1.61        1.53          2.77       0.260148        0       0 
   HD  25568   7.334798  04 05 43.56  +47 13 29.49      F5    8.410    7.943315    7.167    7.108    0.155005    0.155508   0.005082       0    0.989     1.11    5.8377       0        0          0       1.59        0.26          1.75       0.150658        0       0 
   HD  18460   7.377944  03 00 24.42  +56 18 48.69   Am...    8.440    8.170711    7.714    7.635    0.107980    0.108227   0.002890       0    0.983     1.04    8.6751       0        0          0       1.48        0.73          2.44       0.113725        0       0 
   HD  25551   7.455143  04 06 04.33  +53 35 42.62      A2    8.350    8.139133    7.819    7.790    0.095174    0.095355   0.002626       1    0.982     6.57   65.0624       0        0          0       1.82        0.87          2.33      0.0970194        0       0 
   HD 275149   7.726887  03 19 41.14  +42 10 33.87      K0    8.860    8.007421    6.461    6.352    0.262081    0.263256   0.005928       0    0.990     0.90    8.9258       0        0          0       1.20        0.51          1.99       0.237769        0       0 
   HD  21589   7.739083  03 30 45.10  +42 12 08.78      F2    6.920    6.520175    5.965    5.954    0.255768    0.256531   0.006570       0    0.874     2.37   69.6242       0        0          0       1.67        1.44          2.27       0.251051        0       0 
